[gd_scene load_steps=8 format=3 uid="uid://dyfrjvxj54dp0"]

[ext_resource type="Script" path="res://scripts/car.gd" id="1_7j6ie"]
[ext_resource type="Texture2D" uid="uid://fxwplfibmebr" path="res://models/clown_car_texture.png" id="2_1wy15"]
[ext_resource type="ArrayMesh" uid="uid://b5m25fr5q71xv" path="res://models/clown_car.obj" id="2_5r3he"]
[ext_resource type="Texture2D" uid="uid://bscvp0k58lwyb" path="res://graphics/arrow.png" id="3_dyudl"]
[ext_resource type="AudioStream" uid="uid://dncwg8qj7gmdt" path="res://sound/car-horn-beep-beep-two-beeps-honk-honk-6188.mp3" id="4_6oqo1"]

[sub_resource type="StandardMaterial3D" id="StandardMaterial3D_1t0cl"]
albedo_texture = ExtResource("2_1wy15")

[sub_resource type="SphereShape3D" id="SphereShape3D_7uq41"]
radius = 1.59526

[node name="Car" type="Node3D"]
script = ExtResource("1_7j6ie")

[node name="Mesh" type="MeshInstance3D" parent="."]
material_override = SubResource("StandardMaterial3D_1t0cl")
mesh = ExtResource("2_5r3he")

[node name="RayCast3D" type="RayCast3D" parent="Mesh"]

[node name="Offset" type="Node3D" parent="Mesh"]
transform = Transform3D(0.75, 0, 0, 0, 0.75, 0, 0, 0, 0.75, 0, 1.70244, 0)

[node name="Arrow" type="Sprite3D" parent="Mesh/Offset"]
transform = Transform3D(0.0228618, -0.00814852, 0.999705, -0.999739, -0.000186339, 0.0228611, 0, -0.999967, -0.00815065, 0, 7.73918, 0)
texture = ExtResource("3_dyudl")

[node name="Node3D" type="Node3D" parent="Mesh"]
transform = Transform3D(1, 0, 0, 0, 0.965926, 0.258819, 0, -0.258819, 0.965926, 0, 4, 6)

[node name="Camera3D" type="Camera3D" parent="Mesh"]
transform = Transform3D(1, 0, 0, 0, 0.965926, 0.258819, 0, -0.258819, 0.965926, 0, 6.50755, 12.6784)
keep_aspect = 0
current = true

[node name="RigidBody3D" type="RigidBody3D" parent="."]
gravity_scale = 10.0
angular_damp = 5.0

[node name="CollisionShape3D" type="CollisionShape3D" parent="RigidBody3D"]
shape = SubResource("SphereShape3D_7uq41")

[node name="audioHonk" type="AudioStreamPlayer" parent="."]
stream = ExtResource("4_6oqo1")
